GroupA/k	1	2	3	4	5	6	7	8	9	10	Average Accuracy
EPTCM(Accuracy)	0.95 	0.87 	0.93 	0.92 	0.93 	0.82 	0.92 	0.83 	0.87 	0.83 	0.89 
LICM(Accuracy)	0.68 	0.50 	0.67 	0.47 	0.70 	0.53 	0.68 	0.50 	0.60 	0.45 	0.58
OECM(Accuracy)	0.70 	0.53 	0.67 	0.55 	0.72 	0.60 	0.68 	0.65 	0.68 	0.62 	0.64 
MSCM(Accuracy)	0.72 	0.53 	0.67 	0.57 	0.72 	0.60 	0.70 	0.67 	0.72 	0.62 	0.65 
FDCM(Accuracy)	0.67 	0.53 	0.70 	0.52 	0.68 	0.58 	0.70 	0.63 	0.70 	0.67 	0.64 
											
GroupB/k	1	2	3	4	5	6	7	8	9	10	Average Accuracy
EPTCM(Accuracy)	0.92 	0.82 	0.87 	0.85 	0.87 	0.83 	0.85 	0.83 	0.87 	0.83 	0.85 
LICM(Accuracy)	0.67 	0.50 	0.68 	0.60 	0.70 	0.55 	0.65 	0.57 	0.62 	0.53 	0.61 
OECM(Accuracy)	0.65 	0.40 	0.65 	0.47 	0.57 	0.45 	0.58 	0.50 	0.60 	0.47 	0.53 
MSCM(Accuracy)	0.65 	0.40 	0.65 	0.47 	0.55 	0.45 	0.58 	0.52 	0.60 	0.45 	0.53 
FDCM(Accuracy)	0.68 	0.47 	0.65 	0.43 	0.72 	0.52 	0.68 	0.50 	0.75 	0.62 	0.60 
											
GroupC/k	1	2	3	4	5	6	7	8	9	10	Average Accuracy
EPTCM(Accuracy)	0.92 	0.87 	0.92 	0.85 	0.85 	0.83 	0.88 	0.87 	0.90 	0.85 	0.87 
LICM(Accuracy)	0.67 	0.58 	0.77 	0.65 	0.75 	0.62 	0.68 	0.53 	0.65 	0.57 	0.65 
OECM(Accuracy)	0.58 	0.45 	0.58 	0.52 	0.63 	0.62 	0.67 	0.58 	0.65 	0.58 	0.59 
MSCM(Accuracy)	0.58 	0.43 	0.58 	0.52 	0.63 	0.60 	0.65 	0.58 	0.65 	0.57 	0.58 
FDCM(Accuracy)	0.63 	0.48 	0.67 	0.62 	0.70 	0.62 	0.70 	0.65 	0.70 	0.68 	0.65 


